//circle flower
//leaf
arc(118,341,205,13,112,248);
//stem
rect(80,244,13,245);
//flower bud
ellipse(87,219,77,75);
//petals
arc(50,204,33,33,100,305);
arc(72,183,33,33,146,352);
arc(105,183,33,33,187,401);
arc(126,206,33,33,232,452);
arc(125,238,33,33,272,499);
arc(110,261,33,19,303,556);
arc(53,236,33,33,417,604);
arc(68,261,26,23,339,598);


//triangle flower
//stem
rect(224,193,13,208);
//flower
arc(231,119,65,152,-2,183);
arc(231,90,69,144,-2,183);
triangle(210,64,226,87,196,87);
triangle(233,64,247,87,215,87);
triangle(256,64,266,87,237,87);
//leaf
arc(248,265,107,12,-101,100);


//sun
ellipse(30,34,177,177);
